CODE    SEGMENT  PUBLIC
(5,83)(5,31)(5,47)(5,13)
MAIN    PROC     FAR
(5,93)(5,8)(5,17)(5,13)
        ASSUME   CS:CODE
(5,62)(5,50)(4,8)(5,83)(5,13)
MSG     BYTE     'Green'
(5,31)(5,8)(4,13)(7,97)(4,13)(5,13)
        BYTE     'Green'
(5,8)(4,13)(7,97)(4,13)(5,13)
        BYTE     'Grass'
(5,8)(4,13)(7,12)(4,13)(5,13)
        BYTE     'Home'
(5,8)(4,13)(7,93)(4,13)(5,13)
LF      BYTE     0AH, 0DH, '$'
(5,46)(5,8)(6,85)(4,3)(6,88)(4,3)(4,13)(7,36)(4,13)(5,13)
        MOV      AX,WORD PTR MSG
(5,42)(5,53)(4,3)(5,16)(5,47)(5,31)(5,13)
        MOV      DS,AX
(5,42)(5,51)(4,3)(5,53)(5,13)
        MOV      DX,WORD PTR MSG
(5,42)(5,56)(4,3)(5,16)(5,47)(5,31)(5,13)
        MOV      AH,4CH
(5,42)(6,37)(4,3)(6,91)(5,13)
        INT      21H
(5,35)(6,71)(5,13)
MAIN    ENDP
(5,93)(5,95)(5,13)
CODE    ENDS
(5,83)(5,98)(5,13)
        END      MAIN
(5,15)(5,93)
